   1.0000000e+00   9.7679364e-01   1.0398508e+00  -1.0214151e-01   7.8233464e-01   1.9312009e+00  -2.8307286e-01   3.7308027e-01   3.9908187e-01   9.2855827e-01   2.9388014e-01
   1.0000000e+00  -5.5458443e-01   6.4672952e-01   6.9717361e-01   7.8548672e-01   7.1182682e-01   1.5511854e-01  -1.7102203e+00   1.4787911e-02   3.4465668e-01   1.0918255e+00
   2.0000000e+00  -1.5937620e+00  -2.6230650e-01  -1.2363623e+00   6.7880559e-01  -1.4872889e-01  -1.1572007e+00  -4.1619151e-01  -2.3917184e-01  -6.5176099e-01  -7.3533481e-01
   2.0000000e+00   9.4050114e-01  -7.1875548e-01   1.1080320e+00   4.9614541e-01   2.2784501e-01   1.7939365e-01   1.1286582e+00  -1.2789807e-01   2.2602929e+00   1.9396438e-01
   2.0000000e+00  -3.7451678e-01   5.0639968e-01  -5.5072820e-01   4.8609633e-01  -9.0753663e-02   8.1234502e-01  -1.7002477e+00  -9.8270342e-01  -8.2636171e-01  -1.5576058e+00
   2.0000000e+00   5.3218983e-01   1.1916981e-01   1.2831826e-01  -8.7651950e-01  -6.9810263e-01  -8.5654417e-01  -5.0509160e-01   1.6811770e+00  -8.9698217e-01  -1.3586523e+00
   1.0000000e+00   1.5426093e+00  -3.0919974e+00   3.8659090e-01  -8.9721579e-01  -9.3759729e-01  -3.6667417e-02   1.0985634e+00   6.2140132e-01   1.3534965e-02  -2.0527391e+00
   1.0000000e+00  -1.5470260e+00   3.0419989e-01   4.6198117e-03   8.0728259e-01  -8.8518255e-01   1.7696465e+00  -3.4886298e-01   6.1347096e-01   1.0004756e+00  -4.0461499e-01
   2.0000000e+00  -5.8077994e-01   9.8328059e-02   5.3548116e-01   1.5339536e+00  -3.2962617e-01  -2.6480563e-01   1.2555434e+00   8.0036678e-01   7.1211229e-02  -4.9182542e-01
   1.0000000e+00   1.6057486e-02  -4.1769748e-01   5.0036531e-01   8.0013223e-01  -8.9325323e-01   3.1648902e-01  -1.7714696e+00   3.5992964e-01  -1.9440361e+00  -9.6326460e-02
   2.0000000e+00  -1.1100118e+00   2.9328285e+00   3.8140762e-01   6.3051290e-02   6.3839376e-01   2.9177031e-01   2.1343021e+00  -4.4779387e-01   5.1082492e-01  -7.6646874e-01
   2.0000000e+00  -1.1583868e+00  -1.1983652e+00   9.7946803e-02  -4.6061857e-01  -5.8456966e-01   1.6298042e-01   1.8260843e+00  -6.9342632e-01   1.4922148e+00   3.0501328e-02
   2.0000000e+00   1.8392555e+00   1.1777896e+00   1.0941774e+00   1.8661061e+00  -1.4385808e+00  -8.7920415e-01  -6.0405886e-01  -9.2623117e-01  -3.6368966e-01  -5.3078345e-02
   2.0000000e+00   1.8055946e-01  -1.1133655e+00  -1.1443519e+00  -3.5834642e-02   7.1945775e-01   2.0512216e-01  -8.4486701e-01   7.5562706e-01  -1.0678179e+00  -6.9821933e-01
   1.0000000e+00   5.7170329e-01  -7.6283817e-02   3.7426644e-01   2.7993839e-01   5.0548050e-02  -6.9725641e-01   3.1717915e-01   5.6437456e-01   1.1444219e+00   1.0792851e+00
   2.0000000e+00  -7.8444743e-01   8.2700024e-01  -4.6031799e-01   1.0093488e+00   6.5668099e-01   8.4534708e-01  -7.4865309e-01   1.1017825e+00  -2.4769958e+00  -3.6964036e-01
   2.0000000e+00   3.4453070e-01  -2.7729445e-01  -1.8270143e-02  -1.7674425e+00   8.2015707e-01   1.5147833e+00   1.6142881e+00   2.6460602e+00   1.6558604e+00  -1.5634508e+00
   2.0000000e+00   9.2345029e-01  -1.7501933e+00   6.2931735e-01   1.7010535e+00   1.0380790e+00  -1.8299517e+00   6.7241600e-01  -1.2492818e+00   6.4842915e-01  -3.6077230e-01
   2.0000000e+00   1.3064712e+00  -6.3697515e-01   9.0834844e-01  -6.0079160e-01  -1.3805435e+00   7.4774588e-01  -6.2423087e-01  -4.0296156e-01  -6.1742128e-01   1.9242475e+00
   2.0000000e+00   5.5753619e-01   7.5359625e-01   5.3039418e-01   1.2532284e+00   9.0890618e-01  -1.2070964e-01   1.8641363e+00  -1.1569288e+00   9.1924346e-01  -6.0537859e-01
   2.0000000e+00   1.3442541e+00   3.1495029e+00   7.2406296e-01  -5.3567526e-01   8.4514465e-01  -1.1892941e+00  -9.2408912e-01   5.8256762e-01  -9.7828272e-01   6.5225909e-01
   2.0000000e+00   4.1820585e-01   1.3751123e+00   3.4394220e-01  -8.7732216e-02   5.8143501e-03   9.5135091e-01   5.5779848e-01  -1.5548348e+00   8.9857737e-02  -2.0522866e+00
   1.0000000e+00  -5.1466566e-01   1.9708450e+00   5.6796364e-02   7.4432056e-01  -1.1479192e+00  -1.3828296e+00  -3.1988202e-01   8.6789518e-01   8.8484724e-01  -1.3121399e+00
   2.0000000e+00  -1.0400538e+00   1.0843700e-01   8.3535685e-01  -1.0295635e-01  -9.0328746e-01  -1.1990488e+00   9.4216175e-01   1.4903222e+00   2.8871941e-01   8.8385269e-01
   2.0000000e+00  -1.1544351e+00  -8.6917906e-01  -7.7403678e-01  -2.4227912e-01   1.0525037e-01  -9.9372887e-01  -3.5328569e-01  -6.5791607e-01  -1.7563492e+00  -1.2418140e+00
   2.0000000e+00  -6.5955900e-01  -1.2121795e-01  -1.0552118e+00   1.0080675e+00  -3.9976459e-01  -1.8226318e+00   9.9545069e-01   2.3430293e-01   3.6246420e-01  -2.6180610e-01
   2.0000000e+00  -1.1845958e+00   7.8142215e-01  -6.6029826e-01  -1.4118468e+00   2.4725988e-01  -7.2164891e-01  -5.3924821e-01  -1.4020345e+00   1.0994616e+00   2.8273814e-01
   2.0000000e+00   1.6499765e+00  -5.2828041e-02   1.9847141e-01   3.2878197e-01  -1.5040490e+00   7.5512797e-01   6.7721174e-02  -3.7304431e-01  -7.2367578e-01   3.9401567e-01
   2.0000000e+00  -2.8828387e+00   5.3724596e-01   8.9960808e-01  -7.0215710e-01   1.1634630e+00   9.8660261e-01   3.5042342e-01   1.8804863e+00  -7.4187587e-01   6.9565828e-01
   2.0000000e+00  -9.3079816e-01  -9.0660700e-01  -2.4138108e-01   3.8475396e-01  -8.3207772e-01   6.3399724e-01   1.2118539e+00  -1.4580172e+00  -6.5545984e-01  -7.8469531e-01
   2.0000000e+00  -2.2819190e+00   7.7479505e-01   2.3900237e+00   7.6737775e-01  -5.5173604e-01  -6.2608368e-01   1.5584702e-02   8.9652864e-03  -7.5166628e-01   3.8059430e-01
   2.0000000e+00  -5.2677340e-01   1.0103540e+00   9.6420814e-01   8.7423613e-01  -2.4058984e-01   1.8918112e+00  -1.0120037e+00   2.3663728e-01  -9.5703632e-01   1.5224037e+00
   2.0000000e+00   1.9893450e+00  -2.4508757e+00   1.8757763e+00   5.7542355e-01   5.5184517e-01  -9.4068118e-01   1.6960170e+00   1.2468491e+00   8.9096981e-02  -1.7666911e+00
   2.0000000e+00   7.2239188e-01   1.4879443e+00  -1.9533067e-01  -1.0187127e+00  -5.4675599e-01  -4.2954200e-01   6.6991708e-01  -1.1365075e+00   1.1741839e-01  -5.9135353e-01
   2.0000000e+00   7.0084364e-01   3.2112722e-02  -5.5613475e-01   1.0308220e+00   8.7963489e-01  -1.3546222e+00   6.1148616e-01   1.6235144e+00   9.7347203e-01   9.2678456e-01
   2.0000000e+00   5.2924265e-02   1.7507637e+00   1.1873166e+00  -6.5897252e-01  -7.4618770e-01  -4.3334809e-01   2.0865528e-01   2.0695412e-01  -9.9356311e-01   2.4092138e-01
   2.0000000e+00   1.0511998e+00  -1.9135552e-01  -1.1167385e+00  -1.7493875e+00   3.9913671e-03  -5.0825466e-01  -4.2961279e-01  -1.4626413e+00   1.3850629e+00  -5.2581772e-01
   2.0000000e+00  -4.5220989e-01  -6.0258219e-01   2.6586787e-01   7.0845516e-01   1.8271032e+00  -2.4978368e-01   1.9581749e+00  -1.8053744e+00  -5.5850758e-02  -7.9784179e-01
   2.0000000e+00   6.0450331e-01  -6.0031887e-01  -1.6072893e-01  -9.8935308e-01  -1.5750580e-01   1.2328847e+00   2.2138355e-01  -2.3615897e+00  -4.3525841e-01  -6.6857565e-01
   1.0000000e+00   1.3786503e+00  -1.1589332e+00   5.8081544e-01   6.3140646e-01   6.8102307e-01   9.6152569e-01   8.2230525e-01   3.2586499e-01   2.1477636e-01  -1.0101041e+00
   2.0000000e+00  -3.7295092e-01   2.3038439e-01   1.3735109e+00  -4.4949257e-01  -2.2521984e-01  -6.9893214e-01  -1.4264563e-02   7.6478255e-01   1.5006542e-01  -6.6034357e-02
   2.0000000e+00   2.4563631e+00   4.0836082e-01   1.4675478e-01  -1.0336099e+00   1.0070477e+00  -8.3426861e-01   8.7722845e-01  -5.1973833e-02   1.2729090e+00  -4.3146101e-01
   2.0000000e+00  -1.1266356e+00  -1.3356807e+00   1.1229278e+00  -4.7785029e-01   8.1313945e-01   1.1948985e-01   5.2399680e-01   1.2445286e+00  -1.1281318e-01   1.9137887e-01
   2.0000000e+00  -3.2157680e-03   2.5990998e-01  -1.6343370e-01  -1.7358608e+00  -6.3857121e-01  -1.1672624e+00   1.1560817e+00   2.1587196e+00  -1.3878193e+00  -2.5616235e+00
   2.0000000e+00  -1.2904682e+00   1.7841968e+00  -6.4584011e-01  -2.1129938e-01  -6.1249073e-01   1.1097258e+00  -2.3813521e-01  -1.2873620e+00  -4.4935857e-02   2.6643697e-01
   1.0000000e+00   3.7643496e-01   1.4731088e+00  -1.7262431e-02  -3.5860945e-01   7.5032095e-01   2.8650919e-01  -8.1530655e-01   1.3728959e-01  -3.3284579e-01   7.2205656e-01
   2.0000000e+00   2.3805776e-01   1.2989550e+00   1.4421540e+00  -1.2026024e+00  -1.4886655e+00  -1.2420747e-02   9.7636243e-01   5.1230682e-01   9.8086844e-01  -1.4178309e+00
   2.0000000e+00   5.0486081e-01  -1.0827395e+00  -1.0604089e+00  -8.1405608e-01  -7.5219715e-01  -4.1409007e-02  -5.3176334e-01   5.2709524e-01  -1.1172845e+00  -1.4974042e+00
   2.0000000e+00  -5.2678845e-01  -2.2122255e-01  -7.5796017e-01   2.8617789e-01  -1.2507335e+00   8.0095581e-01  -3.2155243e-01   5.4333974e-01   5.9591600e-01  -2.3620422e+00
   2.0000000e+00   1.0165027e-01  -5.3291946e-01  -1.1424196e+00   2.9292442e-01  -4.1613948e-01   6.4073511e-02  -6.8626460e-01   1.6160058e+00   6.3884399e-01   1.3329120e-01
   2.0000000e+00  -9.7534698e-01   3.6649590e-01   9.7037282e-02   9.4649422e-01   4.1858118e-01  -1.8475770e+00  -1.4284467e-01  -7.7786189e-01  -1.6329327e-01   2.6268053e-01
   2.0000000e+00  -5.6294811e-01  -2.4509241e+00   1.0917466e+00  -1.6479815e-01   8.8607924e-01   1.1721455e-01   6.9060449e-01   1.4174088e+00  -2.0625151e-02   2.7612533e-01
   2.0000000e+00  -2.2851028e+00   8.6971792e-01  -7.1362546e-01   1.9252286e+00  -5.7903456e-01  -3.7504181e-01  -1.1588481e+00  -5.4764654e-01   1.0421561e+00  -8.3932112e-01
   2.0000000e+00  -1.3313668e-01   3.6917403e-01   2.0136045e+00  -9.9551940e-02  -1.6944195e+00   5.9390078e-01  -9.8583865e-01  -1.5866101e+00  -7.9190010e-01   3.4129557e-01
   2.0000000e+00   3.1186956e-01   3.8731349e-01   4.5471616e-01  -1.9317551e+00  -9.7869608e-02  -1.3457151e+00   9.1123245e-01  -1.4656017e-01  -7.0677033e-02   1.9262336e+00
   2.0000000e+00  -1.0601323e-01  -1.1221914e+00  -9.3000426e-01  -1.4159293e+00   1.9673629e+00  -2.0202688e+00  -5.9502233e-01  -3.0133382e-01  -6.2039968e-01  -1.5076227e+00
   1.0000000e+00  -2.1839753e+00   9.7256505e-01  -3.0662185e-01  -1.9234934e+00   1.8696405e+00  -7.3589220e-01  -3.9095298e-01   1.7957451e-01  -4.1329507e-01  -9.8489180e-02
   2.0000000e+00  -6.7493493e-01  -7.3871875e-01  -2.3887264e-01  -1.9838253e-01  -3.5255049e-01   1.5321863e+00  -1.9826477e-02  -6.1645972e-01  -4.1225408e-01   2.7161963e-01
   2.0000000e+00   4.8633319e-01   2.1626619e-02   1.2515058e+00   3.6295875e-01  -2.1722666e-01  -7.5611883e-01   3.6162616e-01  -1.9783588e+00   6.3392079e-01   2.0144519e+00
   1.0000000e+00   9.5556928e-02   4.6176256e-01  -1.5028538e-01   2.1536099e+00   4.7801614e-01   6.1204466e-01   2.4436028e-01   3.5171596e-01   1.3246116e+00   1.8244869e+00
   2.0000000e+00  -6.5273637e-01  -9.1743117e-01  -1.7141951e+00   9.2106247e-01   2.4839193e+00  -5.9178381e-01  -8.4065479e-01  -9.1949116e-01  -1.2321781e+00   1.0654697e+00
   1.0000000e+00  -8.8940112e-01   9.5674172e-02   8.1304518e-01  -1.1685489e+00   7.8003262e-01   1.4247997e+00  -6.8481211e-01   3.1688684e-01  -4.9916534e-01  -1.1194871e-01
   2.0000000e+00  -2.2133443e-01   5.7780500e-01   7.3487865e-01  -1.4355987e+00  -2.3473463e-01   1.9347055e-01  -1.3113168e-01  -8.0269468e-01  -8.8931691e-01   1.5684605e+00
   1.0000000e+00   3.2710245e-01  -1.6435897e+00   1.0509845e-01  -2.1993391e-01   1.0274588e+00   7.3914566e-01  -9.1864115e-02   6.4421677e-01  -4.0102551e-01  -7.4845170e-01
   2.0000000e+00   9.6630744e-01   6.2939052e-01   1.8860628e-01  -5.9797712e-01  -1.6734777e+00  -2.2270394e-01   5.3013995e-01  -1.7458813e+00   1.4907131e+00  -8.4241118e-01
   2.0000000e+00   7.2776662e-01  -1.8553281e+00   1.9724092e+00   7.3375073e-01  -1.3019127e+00   1.3814165e+00  -8.0410037e-01  -3.4969043e-01  -6.9143970e-01  -4.9214505e-01
   2.0000000e+00  -6.6461459e-01  -8.4050451e-01  -1.5219344e+00  -1.0986338e+00   1.0588880e+00   1.2263721e-01   5.7724525e-01  -1.3539393e+00  -9.4301822e-01  -8.7074428e-01
   1.0000000e+00   7.4271498e-01   5.8937721e-01  -5.6087020e-02   5.9878326e-02  -2.1632917e-01   2.3108734e-01  -1.4426185e+00   5.4472782e-01   3.1437183e-01  -1.3878245e+00
   2.0000000e+00   8.2481865e-01   1.2731647e+00  -3.3165725e-01  -1.0019021e+00  -5.1500886e-01   7.6441940e-01   3.7136630e-01  -1.7227951e+00   3.1811271e-02  -1.6219477e+00
   1.0000000e+00  -1.2020183e-01   1.0056299e+00   2.3870507e-01   1.9974832e+00   3.0990524e-02   9.3925074e-01  -2.1734965e+00   8.2996494e-01  -2.8952077e-01  -9.1783159e-01
   2.0000000e+00  -1.5460600e+00  -9.7119280e-01   1.5024464e+00   6.9555480e-01   6.9011942e-01   8.5455910e-01  -1.3552281e+00   7.1732340e-01  -1.0459555e+00   1.3032954e+00
   2.0000000e+00   5.1972119e-01  -1.6330375e-02   1.0445748e+00   9.6649972e-02   3.6863331e-01  -4.2814203e-01   5.0552274e-02  -6.4108043e-01  -3.6323702e-01   3.6635367e-01
   2.0000000e+00  -1.6583426e-01  -1.0226922e-01  -3.6253023e-01   2.1490432e+00   6.1152347e-02  -4.3712963e-01  -9.0511648e-02   1.5036773e+00   1.5717653e+00   6.6691830e-01
   1.0000000e+00   7.7640141e-01   2.7947717e-01   5.6685229e-01   2.7261764e-01   1.4630085e+00   3.3627459e-01   1.2577611e+00   1.9469110e-01  -7.4117224e-01   3.5256484e-01
   2.0000000e+00   1.4170038e+00  -5.1726220e-03  -9.0549195e-01   1.0342438e+00  -1.2576789e+00  -7.0472846e-02   7.7431214e-01   2.5203656e-01   7.7449974e-01  -9.2528019e-01
   1.0000000e+00  -2.0355402e+00  -7.7190994e-01  -3.3944761e-01  -9.6335569e-01  -2.8838686e+00  -5.4893915e-01   7.4500187e-01   3.1135346e-01  -9.8533039e-01  -1.3385275e+00
   2.0000000e+00  -6.5348979e-01   6.8876907e-02   7.7736461e-01   1.1602500e+00   8.8560313e-01   4.0246967e-01   2.5331807e-01   2.4651864e+00   3.2397555e-01   4.1131574e-01
   2.0000000e+00   9.1505396e-01   7.8795536e-02   8.2237361e-01   3.4107955e-01  -3.0396553e-01  -8.2651472e-01   2.1449123e-02  -1.2783895e+00   6.2317011e-01   6.1390723e-01
   2.0000000e+00  -2.2230507e-01   6.3279459e-01   1.0127300e+00   1.4562488e-01   2.9674251e-01   1.2498838e+00  -1.1961213e+00   4.9477520e-01   1.2202054e+00   1.6897530e-01
   2.0000000e+00   6.5397746e-01  -2.7143864e-01  -8.8318390e-01  -2.9787517e-01  -1.3223569e+00  -1.1566054e+00   6.9779461e-01   4.3433562e-01   1.1746691e+00  -5.4677290e-01
   2.0000000e+00  -3.4678819e-01   1.7592945e+00   2.1033358e+00  -2.8254665e-01   6.9455834e-01  -1.8355604e-01   2.7576244e+00   7.3797957e-01  -1.3529699e+00   1.6995875e+00
   2.0000000e+00  -5.8382289e-02   3.7261340e+00   1.6502953e+00  -1.0049725e+00   6.2654346e-01  -1.4887544e-01   1.4566581e-01  -2.5684708e-01   9.5086174e-01   2.8993679e-01
   1.0000000e+00  -8.0209639e-01   8.6922709e-03   5.0924319e-02  -3.4795495e-01   2.2063786e-01   7.3661111e-01   1.4439205e+00   2.8765849e-01  -9.3057466e-01  -3.4680647e-01
   2.0000000e+00  -1.3158496e+00  -3.2156346e-01   8.2135268e-01  -1.8377484e-01  -7.2625167e-01   1.2334325e+00  -5.9832195e-01   1.9791222e+00  -2.0941846e+00   7.3536137e-01
   2.0000000e+00   1.8553293e+00  -9.9342186e-02  -1.3389929e-01   5.3789461e-01   2.2547697e+00   1.5779188e-03  -1.1886858e+00  -6.1594295e-01   7.3874630e-01   4.9707597e-02
   2.0000000e+00   1.5163605e+00   1.2115385e+00  -2.7958638e-01  -7.8269222e-01  -1.8524094e+00  -1.7291525e-01   1.7599088e+00  -1.8157073e-01   1.7273265e+00  -1.7634214e+00
   1.0000000e+00   1.5836083e+00  -7.0976512e-01   5.2779882e-01  -2.2802568e-01  -8.7513104e-01   1.5801392e+00   3.8681664e-01   4.7329258e-01  -5.1273619e-01  -1.0764955e+00
   2.0000000e+00   2.0571793e+00   6.9142888e-01   4.4679990e-01  -2.9433425e-01   2.4141428e+00  -2.6203068e-02   1.2594431e+00  -4.6088570e-01   4.3761050e-01   6.3563319e-01
   2.0000000e+00  -1.2910451e+00   2.0255188e-01  -7.3187558e-01  -1.0979496e+00  -1.1118723e-01  -3.8181205e-01   2.1392366e-01  -1.1982262e+00  -2.6671850e-01  -1.4605451e+00
   2.0000000e+00   1.0606750e+00  -1.4075300e+00  -1.1178526e+00  -2.7671681e-01  -9.7954480e-01  -5.2284536e-02   1.7700923e+00  -1.1974380e+00  -2.0586969e-01  -2.7810916e-01
   2.0000000e+00  -1.2022968e+00  -1.4558795e+00  -2.8368370e-01  -6.7503806e-01  -3.9789869e-02   1.2264490e+00  -2.4644679e-01  -3.6790889e-01  -1.8493765e+00   8.5877854e-02
   2.0000000e+00   4.0031208e-01   3.2371793e-01  -1.1554656e+00   4.6576460e-01  -9.8972023e-02   1.6444473e-01  -2.1877756e+00  -1.1646895e+00  -1.1743942e+00   1.7807699e+00
   2.0000000e+00  -1.2136542e+00   1.2167078e+00  -1.5722453e+00  -9.4462280e-01   5.4479470e-01   8.9443824e-01   3.8378569e-01  -4.6289388e-01   1.6618105e-01   1.0783774e+00
   1.0000000e+00   1.4706765e+00  -5.3760177e-01   8.2042746e-02   1.4916782e-01   5.5461072e-01  -5.6903166e-01  -1.0997382e-01   3.0473130e-01  -9.9734248e-01  -1.6566636e-01
   2.0000000e+00  -1.9771072e+00   3.5603820e-01   7.7522060e-01   1.4459735e+00  -9.0213268e-01   1.0501304e+00   6.6490764e-01  -2.4104761e+00  -1.9780601e-01   2.8422391e-01
   2.0000000e+00  -3.4977393e-01   1.9292900e+00   1.6555452e+00  -7.8979292e-01   7.9958124e-01   1.1799462e-01   6.9253668e-01  -3.2964308e+00  -1.2150226e+00   8.5084183e-01
   2.0000000e+00   1.1474060e+00  -1.5261015e+00  -4.8038133e-01  -1.1607402e+00  -1.7963519e+00  -4.8744374e-01   3.3452025e-01  -7.8617625e-01   6.6091991e-01  -3.1448296e-01
   1.0000000e+00  -3.1803527e-01  -6.1347192e-01  -3.0034577e-01  -5.6529701e-01   5.8515856e-01  -8.7635346e-01   6.9681489e-01   7.0234154e-01  -1.0925521e+00   1.5621831e+00
   2.0000000e+00   1.3901689e+00   3.4200343e-01   7.3066225e-02  -2.3246997e-01  -1.1340465e+00  -3.1138306e+00   3.5680966e-01  -3.7262693e-01   1.3544956e+00   5.4589585e-01
   2.0000000e+00  -2.9374136e-01  -1.1495341e+00   5.6952730e-01  -3.6067163e-01  -8.9527616e-02  -3.1161457e-02  -7.1631177e-01  -2.0785740e+00   1.6355800e-01  -9.0338758e-01
